train01.onsets.paramstudy.eval: 4 3 NaN 0.3999999999999999 140 10 36 0.9333333333333333 0.7954545454545454 0.8588957055214724
train02.onsets.paramstudy.eval: 3 3 NaN 0.4999999999999999 110 53 61 0.6748466257668712 0.6432748538011696 0.6586826347305389
train03.onsets.paramstudy.eval: 3 4 NaN 0.3999999999999999 156 90 79 0.6341463414634146 0.6638297872340425 0.6486486486486487
train04.onsets.paramstudy.eval: 3 3 NaN 0.6999999999999998 108 20 70 0.84375 0.6067415730337079 0.7058823529411764
train05.onsets.paramstudy.eval: 3 4 NaN 0.7999999999999998 75 107 48 0.41208791208791207 0.6097560975609756 0.4918032786885245
train06.onsets.paramstudy.eval: 3 6 NaN 0.6999999999999998 76 23 47 0.7676767676767676 0.6178861788617886 0.6846846846846848
train07.onsets.paramstudy.eval: 3 4 NaN 0.6999999999999998 20 50 35 0.2857142857142857 0.36363636363636365 0.32
train08.onsets.paramstudy.eval: 5 3 NaN 0.2999999999999999 204 25 34 0.8908296943231441 0.8571428571428571 0.8736616702355461
train09.onsets.paramstudy.eval: 4 3 NaN 0.4999999999999999 141 24 54 0.8545454545454545 0.7230769230769231 0.7833333333333332
train10.onsets.paramstudy.eval: 3 5 NaN 0.8999999999999998 41 62 35 0.39805825242718446 0.5394736842105263 0.4581005586592179
train11.onsets.paramstudy.eval: 3 4 NaN 0.5999999999999999 123 44 48 0.7365269461077845 0.7192982456140351 0.7278106508875739
train12.onsets.paramstudy.eval: 3 5 NaN 0.8999999999999998 11 34 29 0.24444444444444444 0.275 0.2588235294117647
train13.onsets.paramstudy.eval: 4 3 NaN 0.4999999999999999 152 21 48 0.8786127167630058 0.76 0.8150134048257373
train14.onsets.paramstudy.eval: 9 3 NaN 0.09999999999999987 163 49 44 0.7688679245283019 0.7874396135265701 0.7780429594272077
train15.onsets.paramstudy.eval: 3 4 NaN 0.5999999999999999 101 18 37 0.8487394957983193 0.7318840579710145 0.7859922178988327
train16.onsets.paramstudy.eval: 8 3 NaN 0.5999999999999999 66 41 34 0.616822429906542 0.66 0.6376811594202898
train17.onsets.paramstudy.eval: 3 5 NaN 0.4999999999999999 80 87 37 0.47904191616766467 0.6837606837606838 0.5633802816901409
train18.onsets.paramstudy.eval: 3 5 NaN 0.6999999999999998 31 31 42 0.5 0.4246575342465753 0.45925925925925926
train19.onsets.paramstudy.eval: 4 3 NaN 0.5999999999999999 152 75 32 0.6696035242290749 0.8260869565217391 0.7396593673965938
train20.onsets.paramstudy.eval: 3 3 NaN 0.3999999999999999 233 60 48 0.7952218430034129 0.8291814946619217 0.8118466898954704
