TP: 73
FP: 24
FN: 98
Precision: 0.7525773195876289
Recall: 0.4269005847953216
F-Measure: 0.5447761194029851