TP: 15
FP: 7
FN: 223
Precision: 0.6818181818181818
Recall: 0.06302521008403361
F-Measure: 0.11538461538461538