TP: 40
FP: 33
FN: 33
Precision: 0.547945205479452
Recall: 0.547945205479452
F-Measure: 0.547945205479452