TP: 96
FP: 16
FN: 75
Precision: 0.8571428571428571
Recall: 0.5614035087719298
F-Measure: 0.6784452296819787