TP: 10
FP: 10
FN: 161
Precision: 0.5
Recall: 0.05847953216374269
F-Measure: 0.10471204188481675