TP: 108
FP: 39
FN: 63
Precision: 0.7346938775510204
Recall: 0.631578947368421
F-Measure: 0.6792452830188679