TP: 30
FP: 122
FN: 25
Precision: 0.19736842105263158
Recall: 0.5454545454545454
F-Measure: 0.28985507246376807