TP: 119
FP: 17
FN: 59
Precision: 0.875
Recall: 0.6685393258426966
F-Measure: 0.7579617834394904