TP: 23
FP: 54
FN: 77
Precision: 0.2987012987012987
Recall: 0.23
F-Measure: 0.25988700564971756