TP: 117
FP: 5
FN: 78
Precision: 0.9590163934426229
Recall: 0.6
F-Measure: 0.7381703470031545