TP: 17
FP: 32
FN: 106
Precision: 0.3469387755102041
Recall: 0.13821138211382114
F-Measure: 0.19767441860465115