TP: 156
FP: 250
FN: 28
Precision: 0.3842364532019704
Recall: 0.8478260869565217
F-Measure: 0.5288135593220339