TP: 1
FP: 0
FN: 137
Precision: 1.0
Recall: 0.007246376811594203
F-Measure: 0.014388489208633093