TP: 145
FP: 7
FN: 50
Precision: 0.9539473684210527
Recall: 0.7435897435897436
F-Measure: 0.835734870317003