TP: 166
FP: 81
FN: 69
Precision: 0.6720647773279352
Recall: 0.7063829787234043
F-Measure: 0.6887966804979253