TP: 86
FP: 12
FN: 92
Precision: 0.8775510204081632
Recall: 0.48314606741573035
F-Measure: 0.6231884057971014