TP: 80
FP: 9
FN: 98
Precision: 0.898876404494382
Recall: 0.449438202247191
F-Measure: 0.599250936329588