TP: 122
FP: 49
FN: 85
Precision: 0.7134502923976608
Recall: 0.5893719806763285
F-Measure: 0.6455026455026455