TP: 128
FP: 5
FN: 48
Precision: 0.9624060150375939
Recall: 0.7272727272727273
F-Measure: 0.8284789644012944