TP: 31
FP: 53
FN: 140
Precision: 0.36904761904761907
Recall: 0.18128654970760233
F-Measure: 0.24313725490196075