TP: 89
FP: 137
FN: 11
Precision: 0.3938053097345133
Recall: 0.89
F-Measure: 0.5460122699386503