TP: 221
FP: 236
FN: 60
Precision: 0.48358862144420134
Recall: 0.7864768683274022
F-Measure: 0.5989159891598916