TP: 163
FP: 43
FN: 72
Precision: 0.7912621359223301
Recall: 0.6936170212765957
F-Measure: 0.7392290249433107