TP: 4
FP: 34
FN: 119
Precision: 0.10526315789473684
Recall: 0.032520325203252036
F-Measure: 0.049689440993788817