TP: 34
FP: 8
FN: 144
Precision: 0.8095238095238095
Recall: 0.19101123595505617
F-Measure: 0.3090909090909091