TP: 68
FP: 20
FN: 103
Precision: 0.7727272727272727
Recall: 0.39766081871345027
F-Measure: 0.525096525096525