TP: 159
FP: 69
FN: 25
Precision: 0.6973684210526315
Recall: 0.8641304347826086
F-Measure: 0.7718446601941747