TP: 114
FP: 205
FN: 121
Precision: 0.3573667711598746
Recall: 0.4851063829787234
F-Measure: 0.41155234657039713