TP: 140
FP: 320
FN: 55
Precision: 0.30434782608695654
Recall: 0.717948717948718
F-Measure: 0.42748091603053434