TP: 86
FP: 14
FN: 85
Precision: 0.86
Recall: 0.5029239766081871
F-Measure: 0.6346863468634686