TP: 115
FP: 38
FN: 56
Precision: 0.7516339869281046
Recall: 0.672514619883041
F-Measure: 0.7098765432098765