TP: 95
FP: 34
FN: 89
Precision: 0.7364341085271318
Recall: 0.5163043478260869
F-Measure: 0.6070287539936101