TP: 9
FP: 47
FN: 46
Precision: 0.16071428571428573
Recall: 0.16363636363636364
F-Measure: 0.16216216216216214