TP: 44
FP: 655
FN: 32
Precision: 0.06294706723891273
Recall: 0.5789473684210527
F-Measure: 0.11354838709677419