TP: 70
FP: 21
FN: 168
Precision: 0.7692307692307693
Recall: 0.29411764705882354
F-Measure: 0.4255319148936171