TP: 3
FP: 38
FN: 52
Precision: 0.07317073170731707
Recall: 0.05454545454545454
F-Measure: 0.0625