TP: 54
FP: 2
FN: 117
Precision: 0.9642857142857143
Recall: 0.3157894736842105
F-Measure: 0.4757709251101322