TP: 5
FP: 14
FN: 118
Precision: 0.2631578947368421
Recall: 0.04065040650406504
F-Measure: 0.07042253521126761