TP: 266
FP: 475
FN: 15
Precision: 0.358974358974359
Recall: 0.9466192170818505
F-Measure: 0.5205479452054794