TP: 113
FP: 7
FN: 71
Precision: 0.9416666666666667
Recall: 0.6141304347826086
F-Measure: 0.743421052631579