TP: 102
FP: 175
FN: 133
Precision: 0.36823104693140796
Recall: 0.4340425531914894
F-Measure: 0.39843749999999994