TP: 62
FP: 15
FN: 38
Precision: 0.8051948051948052
Recall: 0.62
F-Measure: 0.7005649717514124