TP: 101
FP: 9
FN: 37
Precision: 0.9181818181818182
Recall: 0.7318840579710145
F-Measure: 0.8145161290322581