TP: 144
FP: 3
FN: 56
Precision: 0.9795918367346939
Recall: 0.72
F-Measure: 0.8299711815561959