TP: 98
FP: 78
FN: 78
Precision: 0.5568181818181818
Recall: 0.5568181818181818
F-Measure: 0.5568181818181818