TP: 96
FP: 2
FN: 142
Precision: 0.9795918367346939
Recall: 0.40336134453781514
F-Measure: 0.5714285714285714