TP: 130
FP: 0
FN: 46
Precision: 1.0
Recall: 0.7386363636363636
F-Measure: 0.8496732026143791