TP: 22
FP: 49
FN: 54
Precision: 0.30985915492957744
Recall: 0.2894736842105263
F-Measure: 0.2993197278911564