TP: 32
FP: 44
FN: 91
Precision: 0.42105263157894735
Recall: 0.2601626016260163
F-Measure: 0.321608040201005