TP: 20
FP: 1
FN: 118
Precision: 0.9523809523809523
Recall: 0.14492753623188406
F-Measure: 0.25157232704402516