TP: 106
FP: 5
FN: 89
Precision: 0.954954954954955
Recall: 0.5435897435897435
F-Measure: 0.69281045751634