TP: 83
FP: 27
FN: 152
Precision: 0.7545454545454545
Recall: 0.35319148936170214
F-Measure: 0.48115942028985503