TP: 114
FP: 107
FN: 86
Precision: 0.5158371040723982
Recall: 0.57
F-Measure: 0.5415676959619953