TP: 106
FP: 5
FN: 175
Precision: 0.954954954954955
Recall: 0.37722419928825623
F-Measure: 0.5408163265306123