TP: 131
FP: 109
FN: 69
Precision: 0.5458333333333333
Recall: 0.655
F-Measure: 0.5954545454545455