TP: 24
FP: 162
FN: 49
Precision: 0.12903225806451613
Recall: 0.3287671232876712
F-Measure: 0.18532818532818532