TP: 79
FP: 2
FN: 59
Precision: 0.9753086419753086
Recall: 0.572463768115942
F-Measure: 0.7214611872146118