TP: 5
FP: 44
FN: 50
Precision: 0.10204081632653061
Recall: 0.09090909090909091
F-Measure: 0.09615384615384616