TP: 88
FP: 2
FN: 50
Precision: 0.9777777777777777
Recall: 0.6376811594202898
F-Measure: 0.7719298245614036