TP: 89
FP: 17
FN: 118
Precision: 0.839622641509434
Recall: 0.42995169082125606
F-Measure: 0.5686900958466454