TP: 127
FP: 114
FN: 49
Precision: 0.5269709543568465
Recall: 0.7215909090909091
F-Measure: 0.6091127098321343