TP: 122
FP: 1
FN: 54
Precision: 0.991869918699187
Recall: 0.6931818181818182
F-Measure: 0.8160535117056857