TP: 130
FP: 445
FN: 77
Precision: 0.22608695652173913
Recall: 0.6280193236714976
F-Measure: 0.33248081841432225