TP: 1
FP: 0
FN: 206
Precision: 1.0
Recall: 0.004830917874396135
F-Measure: 0.009615384615384614