TP: 120
FP: 19
FN: 51
Precision: 0.8633093525179856
Recall: 0.7017543859649122
F-Measure: 0.7741935483870966