TP: 11
FP: 72
FN: 29
Precision: 0.13253012048192772
Recall: 0.275
F-Measure: 0.1788617886178862