TP: 46
FP: 57
FN: 27
Precision: 0.44660194174757284
Recall: 0.6301369863013698
F-Measure: 0.5227272727272727