TP: 31
FP: 34
FN: 86
Precision: 0.47692307692307695
Recall: 0.26495726495726496
F-Measure: 0.34065934065934067