TP: 64
FP: 59
FN: 114
Precision: 0.5203252032520326
Recall: 0.3595505617977528
F-Measure: 0.42524916943521596