TP: 43
FP: 10
FN: 135
Precision: 0.8113207547169812
Recall: 0.24157303370786518
F-Measure: 0.3722943722943723