TP: 76
FP: 17
FN: 131
Precision: 0.8172043010752689
Recall: 0.3671497584541063
F-Measure: 0.5066666666666667