TP: 112
FP: 1
FN: 64
Precision: 0.9911504424778761
Recall: 0.6363636363636364
F-Measure: 0.7750865051903113