TP: 108
FP: 207
FN: 15
Precision: 0.34285714285714286
Recall: 0.8780487804878049
F-Measure: 0.4931506849315069