TP: 36
FP: 303
FN: 4
Precision: 0.10619469026548672
Recall: 0.9
F-Measure: 0.18997361477572558