TP: 4
FP: 12
FN: 51
Precision: 0.25
Recall: 0.07272727272727272
F-Measure: 0.11267605633802816