TP: 61
FP: 18
FN: 62
Precision: 0.7721518987341772
Recall: 0.4959349593495935
F-Measure: 0.6039603960396039