TP: 130
FP: 23
FN: 46
Precision: 0.8496732026143791
Recall: 0.7386363636363636
F-Measure: 0.7902735562310031