TP: 127
FP: 7
FN: 57
Precision: 0.9477611940298507
Recall: 0.6902173913043478
F-Measure: 0.7987421383647798