TP: 68
FP: 16
FN: 32
Precision: 0.8095238095238095
Recall: 0.68
F-Measure: 0.7391304347826089