TP: 24
FP: 17
FN: 147
Precision: 0.5853658536585366
Recall: 0.14035087719298245
F-Measure: 0.22641509433962265