TP: 90
FP: 669
FN: 33
Precision: 0.11857707509881422
Recall: 0.7317073170731707
F-Measure: 0.2040816326530612