TP: 39
FP: 4
FN: 156
Precision: 0.9069767441860465
Recall: 0.2
F-Measure: 0.3277310924369748