TP: 14
FP: 25
FN: 59
Precision: 0.358974358974359
Recall: 0.1917808219178082
F-Measure: 0.25