TP: 89
FP: 34
FN: 146
Precision: 0.7235772357723578
Recall: 0.37872340425531914
F-Measure: 0.4972067039106145