TP: 27
FP: 31
FN: 90
Precision: 0.46551724137931033
Recall: 0.23076923076923078
F-Measure: 0.30857142857142855