TP: 26
FP: 49
FN: 97
Precision: 0.3466666666666667
Recall: 0.21138211382113822
F-Measure: 0.2626262626262626