TP: 129
FP: 158
FN: 66
Precision: 0.44947735191637633
Recall: 0.6615384615384615
F-Measure: 0.5352697095435685