TP: 126
FP: 5
FN: 74
Precision: 0.9618320610687023
Recall: 0.63
F-Measure: 0.7613293051359518