TP: 86
FP: 70
FN: 85
Precision: 0.5512820512820513
Recall: 0.5029239766081871
F-Measure: 0.5259938837920489