TP: 14
FP: 21
FN: 62
Precision: 0.4
Recall: 0.18421052631578946
F-Measure: 0.25225225225225223