TP: 28
FP: 56
FN: 95
Precision: 0.3333333333333333
Recall: 0.22764227642276422
F-Measure: 0.2705314009661836