TP: 65
FP: 218
FN: 11
Precision: 0.22968197879858657
Recall: 0.8552631578947368
F-Measure: 0.36211699164345407