TP: 107
FP: 2
FN: 131
Precision: 0.981651376146789
Recall: 0.4495798319327731
F-Measure: 0.61671469740634