TP: 51
FP: 10
FN: 184
Precision: 0.8360655737704918
Recall: 0.2170212765957447
F-Measure: 0.3445945945945946