TP: 196
FP: 16
FN: 85
Precision: 0.9245283018867925
Recall: 0.697508896797153
F-Measure: 0.7951318458417851