TP: 23
FP: 57
FN: 53
Precision: 0.2875
Recall: 0.3026315789473684
F-Measure: 0.2948717948717948