TP: 141
FP: 5
FN: 59
Precision: 0.9657534246575342
Recall: 0.705
F-Measure: 0.815028901734104