TP: 27
FP: 9
FN: 111
Precision: 0.75
Recall: 0.1956521739130435
F-Measure: 0.3103448275862069