TP: 5
FP: 81
FN: 35
Precision: 0.05813953488372093
Recall: 0.125
F-Measure: 0.07936507936507936