TP: 56
FP: 14
FN: 67
Precision: 0.8
Recall: 0.45528455284552843
F-Measure: 0.5803108808290155