TP: 22
FP: 447
FN: 18
Precision: 0.046908315565031986
Recall: 0.55
F-Measure: 0.08644400785854618