TP: 88
FP: 33
FN: 35
Precision: 0.7272727272727273
Recall: 0.7154471544715447
F-Measure: 0.7213114754098361