TP: 111
FP: 356
FN: 96
Precision: 0.23768736616702354
Recall: 0.5362318840579711
F-Measure: 0.3293768545994065