TP: 2
FP: 0
FN: 74
Precision: 1.0
Recall: 0.02631578947368421
F-Measure: 0.05128205128205127