TP: 1
FP: 0
FN: 183
Precision: 1.0
Recall: 0.005434782608695652
F-Measure: 0.010810810810810811