TP: 41
FP: 197
FN: 76
Precision: 0.1722689075630252
Recall: 0.3504273504273504
F-Measure: 0.23098591549295777