TP: 84
FP: 113
FN: 33
Precision: 0.4263959390862944
Recall: 0.717948717948718
F-Measure: 0.535031847133758