TP: 19
FP: 72
FN: 98
Precision: 0.2087912087912088
Recall: 0.1623931623931624
F-Measure: 0.1826923076923077