TP: 57
FP: 0
FN: 181
Precision: 1.0
Recall: 0.23949579831932774
F-Measure: 0.3864406779661017