TP: 10
FP: 53
FN: 45
Precision: 0.15873015873015872
Recall: 0.18181818181818182
F-Measure: 0.1694915254237288