TP: 160
FP: 0
FN: 78
Precision: 1.0
Recall: 0.6722689075630253
F-Measure: 0.8040201005025126