TP: 25
FP: 20
FN: 98
Precision: 0.5555555555555556
Recall: 0.2032520325203252
F-Measure: 0.2976190476190476